NACA 4415
1.0000     0.00156     0.0000
0.9899     0.00464     0.0000
0.9798     0.00768     0.0000
0.9697     0.01068     0.0000
0.9596     0.01363     0.0000
0.9495     0.01654     0.0000
0.9394     0.01941     0.0000
0.9293     0.02224     0.0000
0.9192     0.02503     0.0000
0.9091     0.02777     0.0000
0.8990     0.03048     0.0000
0.8889     0.03314     0.0000
0.8788     0.03577     0.0000
0.8687     0.03835     0.0000
0.8586     0.04090     0.0000
0.8485     0.04340     0.0000
0.8384     0.04587     0.0000
0.8283     0.04830     0.0000
0.8182     0.05068     0.0000
0.8081     0.05303     0.0000
0.7980     0.05534     0.0000
0.7879     0.05761     0.0000
0.7778     0.05984     0.0000
0.7677     0.06203     0.0000
0.7576     0.06419     0.0000
0.7475     0.06630     0.0000
0.7374     0.06837     0.0000
0.7273     0.07041     0.0000
0.7172     0.07240     0.0000
0.7071     0.07435     0.0000
0.6970     0.07627     0.0000
0.6869     0.07814     0.0000
0.6768     0.07997     0.0000
0.6667     0.08177     0.0000
0.6566     0.08352     0.0000
0.6465     0.08523     0.0000
0.6364     0.08689     0.0000
0.6263     0.08852     0.0000
0.6162     0.09010     0.0000
0.6061     0.09164     0.0000
0.5960     0.09313     0.0000
0.5859     0.09459     0.0000
0.5758     0.09599     0.0000
0.5657     0.09735     0.0000
0.5556     0.09867     0.0000
0.5455     0.09994     0.0000
0.5354     0.10116     0.0000
0.5253     0.10233     0.0000
0.5152     0.10345     0.0000
0.5051     0.10453     0.0000
0.4949     0.10555     0.0000
0.4848     0.10653     0.0000
0.4747     0.10745     0.0000
0.4646     0.10832     0.0000
0.4545     0.10913     0.0000
0.4444     0.10989     0.0000
0.4343     0.11059     0.0000
0.4242     0.11123     0.0000
0.4141     0.11182     0.0000
0.4040     0.11234     0.0000
0.3939     0.11280     0.0000
0.3838     0.11317     0.0000
0.3737     0.11345     0.0000
0.3636     0.11362     0.0000
0.3535     0.11370     0.0000
0.3434     0.11369     0.0000
0.3333     0.11357     0.0000
0.3232     0.11334     0.0000
0.3131     0.11302     0.0000
0.3030     0.11258     0.0000
0.2929     0.11203     0.0000
0.2828     0.11138     0.0000
0.2727     0.11061     0.0000
0.2626     0.10972     0.0000
0.2525     0.10870     0.0000
0.2424     0.10757     0.0000
0.2323     0.10631     0.0000
0.2222     0.10491     0.0000
0.2121     0.10338     0.0000
0.2020     0.10171     0.0000
0.1919     0.09990     0.0000
0.1818     0.09793     0.0000
0.1717     0.09581     0.0000
0.1616     0.09352     0.0000
0.1515     0.09106     0.0000
0.1414     0.08841     0.0000
0.1313     0.08558     0.0000
0.1212     0.08253     0.0000
0.1111     0.07926     0.0000
0.1010     0.07575     0.0000
0.0909     0.07198     0.0000
0.0808     0.06790     0.0000
0.0707     0.06349     0.0000
0.0606     0.05869     0.0000
0.0505     0.05342     0.0000
0.0404     0.04756     0.0000
0.0303     0.04090     0.0000
0.0202     0.03305     0.0000
0.0101     0.02300     0.0000
0.0000     0.00000     0.0000
0.0101     -0.01901     0.0000
0.0202     -0.02518     0.0000
0.0303     -0.02924     0.0000
0.0404     -0.03221     0.0000
0.0505     -0.03449     0.0000
0.0606     -0.03629     0.0000
0.0707     -0.03771     0.0000
0.0808     -0.03885     0.0000
0.0909     -0.03974     0.0000
0.1010     -0.04045     0.0000
0.1111     -0.04099     0.0000
0.1212     -0.04139     0.0000
0.1313     -0.04167     0.0000
0.1414     -0.04185     0.0000
0.1515     -0.04193     0.0000
0.1616     -0.04193     0.0000
0.1717     -0.04187     0.0000
0.1818     -0.04173     0.0000
0.1919     -0.04155     0.0000
0.2020     -0.04131     0.0000
0.2121     -0.04103     0.0000
0.2222     -0.04072     0.0000
0.2323     -0.04037     0.0000
0.2424     -0.03998     0.0000
0.2525     -0.03958     0.0000
0.2626     -0.03915     0.0000
0.2727     -0.03870     0.0000
0.2828     -0.03824     0.0000
0.2929     -0.03777     0.0000
0.3030     -0.03728     0.0000
0.3131     -0.03679     0.0000
0.3232     -0.03629     0.0000
0.3333     -0.03579     0.0000
0.3434     -0.03529     0.0000
0.3535     -0.03478     0.0000
0.3636     -0.03429     0.0000
0.3737     -0.03379     0.0000
0.3838     -0.03330     0.0000
0.3939     -0.03282     0.0000
0.4040     -0.03235     0.0000
0.4141     -0.03186     0.0000
0.4242     -0.03136     0.0000
0.4343     -0.03085     0.0000
0.4444     -0.03033     0.0000
0.4545     -0.02979     0.0000
0.4646     -0.02924     0.0000
0.4747     -0.02869     0.0000
0.4848     -0.02813     0.0000
0.4949     -0.02756     0.0000
0.5051     -0.02698     0.0000
0.5152     -0.02640     0.0000
0.5253     -0.02582     0.0000
0.5354     -0.02523     0.0000
0.5455     -0.02464     0.0000
0.5556     -0.02404     0.0000
0.5657     -0.02345     0.0000
0.5758     -0.02286     0.0000
0.5859     -0.02226     0.0000
0.5960     -0.02167     0.0000
0.6061     -0.02107     0.0000
0.6162     -0.02048     0.0000
0.6263     -0.01989     0.0000
0.6364     -0.01931     0.0000
0.6465     -0.01872     0.0000
0.6566     -0.01814     0.0000
0.6667     -0.01757     0.0000
0.6768     -0.01700     0.0000
0.6869     -0.01643     0.0000
0.6970     -0.01587     0.0000
0.7071     -0.01531     0.0000
0.7172     -0.01475     0.0000
0.7273     -0.01421     0.0000
0.7374     -0.01367     0.0000
0.7475     -0.01313     0.0000
0.7576     -0.01260     0.0000
0.7677     -0.01207     0.0000
0.7778     -0.01156     0.0000
0.7879     -0.01104     0.0000
0.7980     -0.01054     0.0000
0.8081     -0.01004     0.0000
0.8182     -0.00955     0.0000
0.8283     -0.00906     0.0000
0.8384     -0.00858     0.0000
0.8485     -0.00810     0.0000
0.8586     -0.00763     0.0000
0.8687     -0.00717     0.0000
0.8788     -0.00671     0.0000
0.8889     -0.00626     0.0000
0.8990     -0.00581     0.0000
0.9091     -0.00537     0.0000
0.9192     -0.00493     0.0000
0.9293     -0.00449     0.0000
0.9394     -0.00406     0.0000
0.9495     -0.00364     0.0000
0.9596     -0.00322     0.0000
0.9697     -0.00280     0.0000
0.9798     -0.00238     0.0000
0.9899     -0.00197     0.0000
1.0000     -0.00156     0.0000
